$ gcc edtc.c -lm -o edtc

$ gcc ddgm.c -lm -o ddgm

$ gcc btc.c -lm -o btc

$ ./btc 5

$ tail -q -n 1 result/log*n05.txt
4 1 9.845273e+01 1.095980e+03 791 1916 5.678392e-01 8.365685e-01
4 3 1.463822e+02 1.414302e+03 611 767 7.464875e-01 9.436677e-01
4 4 1.082284e+02 1.153237e+03 567 589 7.804542e-01 9.566988e-01
4 4 7.791764e+01 1.020348e+03 504 3945 2.262118e-01 5.319669e-01
4 3 8.798428e+01 8.775836e+02 656 743 8.133912e-01 9.591421e-01
4 4 1.355329e+02 1.729338e+03 758 2587 4.421114e-01 7.403285e-01
4 1 1.031893e+01 4.793698e+01 867 871 9.959793e-01 9.990498e-01
4 4 8.415777e+01 8.833834e+02 795 1003 8.355229e-01 9.575132e-01
4 3 8.841462e+01 9.605829e+02 593 711 8.008103e-01 9.599566e-01
